307826
254430
53222
238264
275324
204155
185056
71095
151867
291925
494880
54557
97589
17104
177457
246143
85169
289337
142794
221187
183418
510485
554187
399538
210386
262860
151867
291925
130305
73160
401270
148102
69287
72068
44687
457277
151989
43805
56396
141484
123571
397863
196736
136903
132300
439910
44687
221648
79942
220298
121580
134399
138043
146152
149923
156242
158888
184336
218830
242460
260385
279789
301541
310315
316886
334209
347936
383321
383365
397863
404166
448079
449442
449701
463259
467434
50204
503531
504378
518026
52629
56396
90512
156242
279789
280451
334209
342610
353976
467434
518026
180776
404504
245704
579061
101602
307826
129792
451812
136835
279451
7956
17543
241125
172540
151989
279196
331747
114840
38046
177073
152190
488938
290426
412923
462689
501264